3 6
5 7
3 5
2 6
1 9
2 7
0 9
0 3
1 2
7 8
2 9
0 2
8 7
4 5
12 19
12 18
17 19
13 16
11 12
13 19
11 19
14 17
14 18
10 15
11 13
10 16
12 13
20 26
21 25
24 25
26 27
22 26
23 29
24 27
22 25
23 24
20 27
26 28
24 28
21 23
34 39
30 32
36 38
32 39
34 36
35 39
30 34
37 38
31 37
32 37
32 36
30 31
31 36
33 35
44 49
40 49
41 49
41 47
41 45
47 49
46 47
43 47
45 46
43 46
44 48
41 42
43 49
52 59
55 58
50 56
53 58
55 56
51 55
58 59
54 58
50 51
50 53
54 57
53 56
51 57
52 55
66 69
61 62
67 68
65 67
61 64
65 68
67 69
63 65
63 68
61 68
64 66
63 66
60 64
78 79
76 77
73 74
70 73
70 79
72 75
70 74
75 79
74 76
72 79
72 74
75 77
74 78
71 72
88 89
83 86
80 88
81 82
80 85
80 81
85 88
80 86
84 86
82 85
86 88
82 88
84 87
92 94
90 96
92 99
90 99
91 98
91 93
90 91
93 94
90 93
91 99
96 99
93 99
93 98
95 90
97 95
60 40
42 66
76 59
82 78
29 96
7 25
12 31
59 91
41 90
78 57
8 40
45 26
14 2
25 5
20 96
88 30
49 1
92 65
49 93
65 0
