Top Items Removed:

	#	-	Item	-	Rank	-	Nodes Removed	-	Clustering Coefficient

	1.	218 <-> 250	-	156	-	73	-	0.0

Clusters:

	200, 203, 205, 206, 207, 212, 213, 215, 217, 218, 219, 220, 221, 224, 225, 226, 227, 228, 229, 230, 231, 232, 233, 234, 235, 236, 237, 238, 239, 240, 241, 242, 243, 244, 245, 246, 249, 250, 251, 252, 254, 255, 260, 261, 263, 264, 265, 267, 269, 270, 271, 272, 273, 274, 275, 277, 279, 280, 281, 283, 284, 286, 287, 288, 289, 290, 291, 292, 293, 295, 296, 297, 299

DB Index:				inf
Average Silhouette Coefficient:	-1.0
